i	a	b	c	abs(a-b)
	F(a)	F(b)	F(c)
0	1.300000	1.400000	1.300000	0.100000
	-0.229915	0.677280	-0.229915
---------------------------------
1	1.300000	1.350000	1.350000	0.050000
	-0.229915	0.207525	0.207525
---------------------------------
2	1.325000	1.350000	1.325000	0.025000
	-0.015104	0.207525	-0.015104
---------------------------------
3	1.325000	1.337500	1.337500	0.012500
	-0.015104	0.095216	0.095216
---------------------------------
4	1.325000	1.331250	1.331250	0.006250
	-0.015104	0.039809	0.039809
---------------------------------
5	1.325000	1.328125	1.328125	0.003125
	-0.015104	0.012291	0.012291
---------------------------------
6	1.326562	1.328125	1.326562	0.001563
	-0.001422	0.012291	-0.001422
---------------------------------
Resultado es: 1.326562
